1.000 0.563 0.553 0.556 0.544 0.603 0.509
0.563 1.000 0.597 0.568 0.604 0.502 0.633
0.553 0.597 1.000 0.628 0.585 0.627 0.630
0.556 0.568 0.628 1.000 0.545 0.695 0.695
0.544 0.604 0.585 0.545 1.000 0.491 0.600
0.603 0.502 0.627 0.695 0.491 1.000 0.490
0.509 0.633 0.630 0.695 0.600 0.490 1.000
