1.000 0.208 0.221 0.193 0.217 0.269 0.000 0.171
0.208 1.000 0.355 0.369 0.302 0.553 0.000 0.369
0.221 0.355 1.000 0.242 0.400 0.325 0.000 0.427
0.193 0.369 0.242 1.000 0.229 0.548 0.000 0.244
0.217 0.302 0.400 0.229 1.000 0.272 0.000 0.498
0.269 0.553 0.325 0.548 0.272 1.000 0.000 0.245
0.000 0.000 0.000 0.000 0.000 0.000 1.000 0.000
0.171 0.369 0.427 0.244 0.498 0.245 0.000 1.000
